0 0.2860576923076923 0.5420673076923077 0.042067307692307696 0.025240384615384616
0 0.3161057692307692 0.6766826923076923 0.0985576923076923 0.0733173076923077
0 0.4026442307692308 0.5757211538461539 0.05889423076923077 0.04326923076923077
0 0.47716346153846156 0.5048076923076923 0.02283653846153846 0.02283653846153846
0 0.6153846153846154 0.5 0.030048076923076924 0.027644230769230768
0 0.6995192307692307 0.5012019230769231 0.025240384615384616 0.025240384615384616
0 0.7067307692307693 0.5012019230769231 0.028846153846153848 0.020432692307692308
1 0.27403846153846156 0.4338942307692308 0.05889423076923077 0.0733173076923077
1 0.46875 0.3605769230769231 0.21153846153846154 0.27163461538461536
1 0.7295673076923077 0.4014423076923077 0.11057692307692307 0.1622596153846154
1 0.9038461538461539 0.39663461538461536 0.09375 0.17427884615384615