0 0.12379807692307693 0.8257211538461539 0.01201923076923077 0.020432692307692308
0 0.25600961538461536 0.7572115384615384 0.009615384615384616 0.016826923076923076
0 0.375 0.703125 0.010817307692307692 0.013221153846153846
1 0.8329326923076923 0.7512019230769231 0.09975961538461539 0.3161057692307692
1 0.015625 0.7019230769230769 0.03125 0.10096153846153846
1 0.04807692307692308 0.9579326923076923 0.09615384615384616 0.07932692307692307
1 0.07932692307692307 0.6442307692307693 0.05048076923076923 0.12139423076923077
1 0.12379807692307693 0.5997596153846154 0.02403846153846154 0.08774038461538461
1 0.1502403846153846 0.5985576923076923 0.014423076923076924 0.08052884615384616
1 0.15865384615384615 0.5997596153846154 0.027644230769230768 0.07932692307692307
1 0.20192307692307693 0.6430288461538461 0.05889423076923077 0.1346153846153846
1 0.20432692307692307 0.5925480769230769 0.027644230769230768 0.05889423076923077
1 0.203125 0.5625 0.010817307692307692 0.007211538461538462
1 0.2247596153846154 0.35336538461538464 0.009615384615384616 0.040865384615384616
1 0.24759615384615385 0.5961538461538461 0.03485576923076923 0.0889423076923077
1 0.24278846153846154 0.34975961538461536 0.020432692307692308 0.04807692307692308
1 0.27163461538461536 0.5733173076923077 0.019230769230769232 0.052884615384615384
1 0.2776442307692308 0.5925480769230769 0.02403846153846154 0.07091346153846154
1 0.28846153846153844 0.36658653846153844 0.01201923076923077 0.039663461538461536
1 0.29086538461538464 0.5817307692307693 0.014423076923076924 0.07211538461538461
1 0.30288461538461536 0.36658653846153844 0.019230769230769232 0.06009615384615385
1 0.31009615384615385 0.5865384615384616 0.018028846153846152 0.06370192307692307
1 0.3245192307692308 0.578125 0.025240384615384616 0.0733173076923077
1 0.3473557692307692 0.5901442307692307 0.042067307692307696 0.07572115384615384
1 0.3425480769230769 0.5552884615384616 0.007211538461538462 0.046875
1 0.35697115384615385 0.5637019230769231 0.013221153846153846 0.04807692307692308
1 0.40024038461538464 0.5528846153846154 0.06009615384615385 0.06610576923076923
1 0.3918269230769231 0.6165865384615384 0.04326923076923077 0.08774038461538461
1 0.4254807692307692 0.6213942307692307 0.03485576923076923 0.11899038461538461
1 0.4567307692307692 0.7608173076923077 0.09615384615384616 0.21875
1 0.4411057692307692 0.6899038461538461 0.051682692307692304 0.140625
1 0.44711538461538464 0.5901442307692307 0.027644230769230768 0.0673076923076923
1 0.44471153846153844 0.5396634615384616 0.008413461538461538 0.03365384615384615
1 0.4699519230769231 0.6742788461538461 0.056490384615384616 0.13221153846153846
1 0.46033653846153844 0.5432692307692307 0.013221153846153846 0.028846153846153848
1 0.4987980769230769 0.5408653846153846 0.0673076923076923 0.05048076923076923
1 0.49158653846153844 0.6346153846153846 0.038461538461538464 0.0829326923076923
1 0.5096153846153846 0.5697115384615384 0.021634615384615384 0.05889423076923077
1 0.59375 0.5432692307692307 0.09495192307692307 0.04447115384615385
1 0.5757211538461539 0.4110576923076923 0.010817307692307692 0.036057692307692304
1 0.5925480769230769 0.5709134615384616 0.013221153846153846 0.06129807692307692
1 0.6274038461538461 0.4098557692307692 0.010817307692307692 0.039663461538461536
1 0.6574519230769231 0.5384615384615384 0.003605769230769231 0.039663461538461536
1 0.6646634615384616 0.5360576923076923 0.009615384615384616 0.037259615384615384
1 0.6694711538461539 0.5612980769230769 0.015625 0.052884615384615384
1 0.6923076923076923 0.5300480769230769 0.018028846153846152 0.04326923076923077
1 0.7163461538461539 0.5853365384615384 0.052884615384615384 0.09615384615384616
1 0.703125 0.40384615384615385 0.009615384615384616 0.03365384615384615
1 0.7199519230769231 0.5420673076923077 0.013221153846153846 0.03245192307692308
1 0.7307692307692307 0.4026442307692308 0.006009615384615385 0.036057692307692304
1 0.7560096153846154 0.5336538461538461 0.018028846153846152 0.046875
1 0.78125 0.6418269230769231 0.06129807692307692 0.15745192307692307
1 0.7608173076923077 0.4014423076923077 0.015625 0.038461538461538464
1 0.7788461538461539 0.5432692307692307 0.03365384615384615 0.04807692307692308
1 0.796875 0.5324519230769231 0.004807692307692308 0.036057692307692304
1 0.9026442307692307 0.5793269230769231 0.1875 0.14182692307692307
1 0.8521634615384616 0.40024038461538464 0.014423076923076924 0.038461538461538464