1 0.33413461538461536 0.7427884615384616 0.6658653846153846 0.4170673076923077
1 0.08774038461538461 0.5084134615384616 0.054086538461538464 0.08653846153846154
1 0.1658653846153846 0.5252403846153846 0.06850961538461539 0.0985576923076923
1 0.2956730769230769 0.4735576923076923 0.0889423076923077 0.0985576923076923
1 0.5913461538461539 0.53125 0.027644230769230768 0.078125
1 0.6694711538461539 0.5360576923076923 0.026442307692307692 0.08533653846153846
1 0.6875 0.7740384615384616 0.0625 0.16947115384615385
1 0.7295673076923077 0.8461538461538461 0.07091346153846154 0.16346153846153846
1 0.7151442307692307 0.703125 0.036057692307692304 0.0985576923076923
1 0.7319711538461539 0.5396634615384616 0.037259615384615384 0.08413461538461539
1 0.7704326923076923 0.7848557692307693 0.06971153846153846 0.15745192307692307
1 0.7824519230769231 0.6730769230769231 0.056490384615384616 0.11057692307692307
1 0.8137019230769231 0.765625 0.04447115384615385 0.16346153846153846
1 0.8870192307692307 0.7560096153846154 0.05048076923076923 0.13221153846153846
1 0.9350961538461539 0.8533653846153846 0.12740384615384615 0.25
1 0.9519230769230769 0.71875 0.06490384615384616 0.13221153846153846