0 0.010817307692307692 0.3425480769230769 0.021634615384615384 0.052884615384615384
0 0.08052884615384616 0.33413461538461536 0.03245192307692308 0.039663461538461536
0 0.19591346153846154 0.37740384615384615 0.036057692307692304 0.04807692307692308
0 0.2800480769230769 0.3786057692307692 0.036057692307692304 0.052884615384615384
0 0.30649038461538464 0.36538461538461536 0.036057692307692304 0.04807692307692308
0 0.3293269230769231 0.4675480769230769 0.04326923076923077 0.0673076923076923
0 0.4266826923076923 0.8209134615384616 0.06971153846153846 0.09254807692307693
0 0.4170673076923077 0.29086538461538464 0.03245192307692308 0.025240384615384616
0 0.4206730769230769 0.31850961538461536 0.03125 0.04326923076923077
0 0.5060096153846154 0.8052884615384616 0.06610576923076923 0.10336538461538461
0 0.5168269230769231 0.45913461538461536 0.040865384615384616 0.0625
0 0.6838942307692307 0.38221153846153844 0.03485576923076923 0.051682692307692304
0 0.7788461538461539 0.6081730769230769 0.054086538461538464 0.07692307692307693
0 0.984375 0.5925480769230769 0.028846153846153848 0.07692307692307693