0 0.38822115384615385 0.3629807692307692 0.042067307692307696 0.08533653846153846
0 0.4230769230769231 0.36899038461538464 0.054086538461538464 0.07572115384615384
0 0.5456730769230769 0.3641826923076923 0.14543269230769232 0.13221153846153846
0 0.8617788461538461 0.46634615384615385 0.037259615384615384 0.078125
1 0.12860576923076922 0.44471153846153844 0.10216346153846154 0.4543269230769231
1 0.06850961538461539 0.24639423076923078 0.06370192307692307 0.1201923076923077
1 0.08413461538461539 0.2403846153846154 0.05889423076923077 0.125
1 0.21033653846153846 0.5096153846153846 0.14783653846153846 0.3233173076923077
1 0.19951923076923078 0.4110576923076923 0.08052884615384616 0.21995192307692307
1 0.3713942307692308 0.43509615384615385 0.12980769230769232 0.2536057692307692
1 0.44350961538461536 0.3389423076923077 0.07692307692307693 0.1346153846153846
1 0.5901442307692307 0.7451923076923077 0.2764423076923077 0.5048076923076923
1 0.5204326923076923 0.4879807692307692 0.09615384615384616 0.3088942307692308
1 0.5108173076923077 0.33413461538461536 0.07211538461538461 0.2776442307692308
1 0.6442307692307693 0.4110576923076923 0.08052884615384616 0.2692307692307692
1 0.7536057692307693 0.5324519230769231 0.10576923076923077 0.2932692307692308
1 0.828125 0.38341346153846156 0.0985576923076923 0.12379807692307693
1 0.8341346153846154 0.59375 0.09975961538461539 0.3786057692307692
1 0.9399038461538461 0.34615384615384615 0.11899038461538461 0.5012019230769231