1 0.6574519230769231 0.6177884615384616 0.10817307692307693 0.34375
1 0.24759615384615385 0.5673076923076923 0.010817307692307692 0.06370192307692307
1 0.2692307692307692 0.6838942307692307 0.04447115384615385 0.12860576923076922
1 0.29086538461538464 0.7800480769230769 0.07211538461538461 0.15264423076923078
1 0.27283653846153844 0.5817307692307693 0.025240384615384616 0.09375
1 0.3112980769230769 0.5985576923076923 0.04807692307692308 0.140625
1 0.3389423076923077 0.7391826923076923 0.057692307692307696 0.203125
1 0.3918269230769231 0.6850961538461539 0.06850961538461539 0.22716346153846154
1 0.4807692307692308 0.7896634615384616 0.15504807692307693 0.4182692307692308
1 0.5552884615384616 0.7848557692307693 0.06850961538461539 0.4074519230769231
1 0.9146634615384616 0.7271634615384616 0.1658653846153846 0.5432692307692307