1 0.171875 0.828125 0.12379807692307693 0.34134615384615385
1 0.5 0.7620192307692307 0.9987980769230769 0.46153846153846156
1 0.5012019230769231 0.40024038461538464 0.9963942307692307 0.09375
1 0.5 0.4723557692307692 0.008413461538461538 0.03125
1 0.5877403846153846 0.4735576923076923 0.01201923076923077 0.02403846153846154
1 0.7980769230769231 0.3125 0.4026442307692308 0.07692307692307693
1 0.6310096153846154 0.47475961538461536 0.007211538461538462 0.025240384615384616
1 0.6586538461538461 0.46153846153846156 0.006009615384615385 0.016826923076923076
1 0.7319711538461539 0.4891826923076923 0.008413461538461538 0.02403846153846154
1 0.7680288461538461 0.4795673076923077 0.006009615384615385 0.03125
1 0.7860576923076923 0.46153846153846156 0.009615384615384616 0.020432692307692308
1 0.8016826923076923 0.5168269230769231 0.014423076923076924 0.027644230769230768
1 0.8317307692307693 0.46875 0.008413461538461538 0.020432692307692308
1 0.9302884615384616 0.49278846153846156 0.008413461538461538 0.03365384615384615
1 0.9591346153846154 0.4807692307692308 0.006009615384615385 0.016826923076923076