1 0.1778846153846154 0.21153846153846154 0.0733173076923077 0.25961538461538464
1 0.18990384615384615 0.07211538461538461 0.14543269230769232 0.0733173076923077
1 0.5625 0.07932692307692307 0.06971153846153846 0.02403846153846154
1 0.71875 0.546875 0.18990384615384615 0.8942307692307693
1 0.8942307692307693 0.6526442307692307 0.11778846153846154 0.2932692307692308
1 0.8545673076923077 0.3473557692307692 0.019230769230769232 0.11778846153846154
1 0.8737980769230769 0.44471153846153844 0.020432692307692308 0.11177884615384616
1 0.9338942307692307 0.38221153846153844 0.11298076923076923 0.11538461538461539
1 0.8942307692307693 0.46274038461538464 0.019230769230769232 0.11057692307692307
1 0.8942307692307693 0.203125 0.015625 0.07932692307692307
1 0.9110576923076923 0.21995192307692307 0.013221153846153846 0.09134615384615384
1 0.9302884615384616 0.9314903846153846 0.030048076923076924 0.1346153846153846
1 0.9302884615384616 0.2127403846153846 0.015625 0.07572115384615384
1 0.9326923076923077 0.48197115384615385 0.013221153846153846 0.13221153846153846
1 0.9483173076923077 0.22355769230769232 0.015625 0.07211538461538461
1 0.9567307692307693 0.9158653846153846 0.02403846153846154 0.1658653846153846
1 0.9615384615384616 0.5072115384615384 0.016826923076923076 0.11298076923076923
1 0.9831730769230769 0.5709134615384616 0.030048076923076924 0.15144230769230768