0 0.3076923076923077 0.4362980769230769 0.056490384615384616 0.11057692307692307
1 0.2127403846153846 0.5168269230769231 0.22716346153846154 0.6826923076923077
1 0.2764423076923077 0.2824519230769231 0.06610576923076923 0.20793269230769232
1 0.44350961538461536 0.27163461538461536 0.04567307692307692 0.10817307692307693
1 0.5228365384615384 0.26322115384615385 0.02283653846153846 0.11778846153846154
1 0.5348557692307693 0.26802884615384615 0.025240384615384616 0.11177884615384616
1 0.5985576923076923 0.26322115384615385 0.04326923076923077 0.12980769230769232
1 0.6887019230769231 0.3112980769230769 0.06971153846153846 0.3485576923076923
1 0.7728365384615384 0.42427884615384615 0.20673076923076922 0.5
1 0.8293269230769231 0.23918269230769232 0.04326923076923077 0.10576923076923077
1 0.9242788461538461 0.28365384615384615 0.0733173076923077 0.19471153846153846