0 0.1141826923076923 0.33052884615384615 0.05889423076923077 0.09735576923076923
0 0.10336538461538461 0.2548076923076923 0.03485576923076923 0.054086538461538464
0 0.3557692307692308 0.3269230769230769 0.026442307692307692 0.046875
0 0.4170673076923077 0.328125 0.02283653846153846 0.037259615384615384
0 0.4723557692307692 0.3545673076923077 0.021634615384615384 0.04927884615384615
0 0.5204326923076923 0.36177884615384615 0.020432692307692308 0.046875
0 0.5625 0.3737980769230769 0.020432692307692308 0.051682692307692304
0 0.5997596153846154 0.38221153846153844 0.018028846153846152 0.04326923076923077
0 0.6346153846153846 0.38822115384615385 0.013221153846153846 0.03125
0 0.6875 0.4014423076923077 0.020432692307692308 0.03245192307692308
0 0.921875 0.38461538461538464 0.02283653846153846 0.026442307692307692
1 0.7391826923076923 0.5600961538461539 0.08533653846153846 0.2848557692307692
1 0.23918269230769232 0.4987980769230769 0.3173076923076923 0.8822115384615384
1 0.17427884615384615 0.5600961538461539 0.18028846153846154 0.6694711538461539
1 0.7860576923076923 0.5300480769230769 0.07451923076923077 0.29086538461538464