1 0.16826923076923078 0.5685096153846154 0.06971153846153846 0.18028846153846154
1 0.03485576923076923 0.8088942307692307 0.06850961538461539 0.0829326923076923
1 0.037259615384615384 0.71875 0.07451923076923077 0.11538461538461539
1 0.054086538461538464 0.5817307692307693 0.10697115384615384 0.29447115384615385
1 0.036057692307692304 0.40384615384615385 0.051682692307692304 0.08413461538461539
1 0.0733173076923077 0.5348557692307693 0.10096153846153846 0.21634615384615385
1 0.07451923076923077 0.41466346153846156 0.037259615384615384 0.12860576923076922
1 0.09975961538461539 0.48677884615384615 0.054086538461538464 0.24278846153846154
1 0.18629807692307693 0.4639423076923077 0.025240384615384616 0.040865384615384616
1 0.2091346153846154 0.46033653846153844 0.027644230769230768 0.0829326923076923
1 0.2127403846153846 0.39903846153846156 0.03485576923076923 0.09014423076923077
1 0.2956730769230769 0.5180288461538461 0.1141826923076923 0.4170673076923077
1 0.31850961538461536 0.5673076923076923 0.1502403846153846 0.4699519230769231
1 0.3713942307692308 0.5793269230769231 0.22235576923076922 0.5985576923076923
1 0.4362980769230769 0.5817307692307693 0.2439903846153846 0.65625
1 0.6646634615384616 0.625 0.43509615384615385 0.7475961538461539
1 0.5673076923076923 0.48197115384615385 0.08052884615384616 0.20192307692307693
1 0.6081730769230769 0.4795673076923077 0.07572115384615384 0.20552884615384615
1 0.6418269230769231 0.40625 0.06370192307692307 0.25841346153846156
1 0.6923076923076923 0.40384615384615385 0.03485576923076923 0.2247596153846154
1 0.7175480769230769 0.42908653846153844 0.04447115384615385 0.23677884615384615
1 0.859375 0.3317307692307692 0.02283653846153846 0.15625
1 0.8870192307692307 0.3713942307692308 0.04567307692307692 0.25600961538461536
1 0.9471153846153846 0.3786057692307692 0.10096153846153846 0.2668269230769231
1 0.9807692307692307 0.2704326923076923 0.03485576923076923 0.11899038461538461