1 0.026442307692307692 0.7163461538461539 0.051682692307692304 0.22115384615384615
1 0.026442307692307692 0.5408653846153846 0.040865384615384616 0.11899038461538461
1 0.06009615384615385 0.5336538461538461 0.04927884615384615 0.12139423076923077
1 0.11177884615384616 0.5288461538461539 0.028846153846153848 0.1045673076923077
1 0.15264423076923078 0.5576923076923077 0.038461538461538464 0.07692307692307693
1 0.20432692307692307 0.5576923076923077 0.056490384615384616 0.07211538461538461
1 0.25961538461538464 0.5528846153846154 0.03365384615384615 0.07932692307692307
1 0.2848557692307692 0.6021634615384616 0.07091346153846154 0.203125
1 0.31490384615384615 0.5060096153846154 0.11538461538461539 0.15144230769230768
1 0.34134615384615385 0.6165865384615384 0.07692307692307693 0.1814903846153846
1 0.4362980769230769 0.6298076923076923 0.1658653846153846 0.33533653846153844
1 0.39903846153846156 0.4855769230769231 0.037259615384615384 0.10096153846153846
1 0.43028846153846156 0.47836538461538464 0.027644230769230768 0.08052884615384616
1 0.45552884615384615 0.5372596153846154 0.04326923076923077 0.08774038461538461
1 0.4675480769230769 0.47716346153846156 0.05048076923076923 0.09375
1 0.5216346153846154 0.6430288461538461 0.09975961538461539 0.3016826923076923
1 0.5276442307692307 0.46274038461538464 0.055288461538461536 0.14182692307692307
1 0.5673076923076923 0.5420673076923077 0.04567307692307692 0.11538461538461539
1 0.6153846153846154 0.46153846153846156 0.056490384615384616 0.13581730769230768
1 0.6394230769230769 0.59375 0.0673076923076923 0.24519230769230768
1 0.7079326923076923 0.6274038461538461 0.11899038461538461 0.36778846153846156
1 0.6778846153846154 0.4338942307692308 0.039663461538461536 0.0829326923076923
1 0.734375 0.5012019230769231 0.036057692307692304 0.07692307692307693
1 0.7403846153846154 0.47596153846153844 0.042067307692307696 0.09615384615384616
1 0.7403846153846154 0.4266826923076923 0.028846153846153848 0.0673076923076923
1 0.7680288461538461 0.5973557692307693 0.056490384615384616 0.265625
1 0.7704326923076923 0.4182692307692308 0.03485576923076923 0.08774038461538461
1 0.7836538461538461 0.47596153846153844 0.021634615384615384 0.06490384615384616
1 0.8040865384615384 0.46033653846153844 0.037259615384615384 0.1502403846153846
1 0.8377403846153846 0.4483173076923077 0.037259615384615384 0.1346153846153846
1 0.8725961538461539 0.4879807692307692 0.039663461538461536 0.0985576923076923
1 0.8774038461538461 0.4170673076923077 0.04326923076923077 0.109375
1 0.9795673076923077 0.42908653846153844 0.039663461538461536 0.16105769230769232