1 0.6490384615384616 0.7439903846153846 0.09014423076923077 0.1935096153846154
1 0.030048076923076924 0.8293269230769231 0.06009615384615385 0.17307692307692307
1 0.08413461538461539 0.6550480769230769 0.055288461538461536 0.08653846153846154
1 0.12740384615384615 0.5985576923076923 0.04447115384615385 0.07692307692307693
1 0.14182692307692307 0.6442307692307693 0.03365384615384615 0.07211538461538461
1 0.2800480769230769 0.7680288461538461 0.10096153846153846 0.17307692307692307
1 0.6274038461538461 0.7403846153846154 0.7439903846153846 0.5180288461538461
1 0.2932692307692308 0.6478365384615384 0.05889423076923077 0.22596153846153846
1 0.390625 0.6959134615384616 0.11778846153846154 0.2608173076923077
1 0.4579326923076923 0.8918269230769231 0.23076923076923078 0.21394230769230768
1 0.6802884615384616 0.6538461538461539 0.08173076923076923 0.2283653846153846
1 0.734375 0.6141826923076923 0.09134615384615384 0.2704326923076923
1 0.7848557692307693 0.7127403846153846 0.10096153846153846 0.34975961538461536
1 0.8713942307692307 0.6742788461538461 0.0829326923076923 0.25