1 0.13341346153846154 0.3786057692307692 0.10576923076923077 0.5492788461538461
1 0.2548076923076923 0.4519230769230769 0.06009615384615385 0.3245192307692308
1 0.296875 0.45072115384615385 0.03485576923076923 0.3016826923076923
1 0.41466346153846156 0.3918269230769231 0.09615384615384616 0.49278846153846156
1 0.4963942307692308 0.48197115384615385 0.06129807692307692 0.18870192307692307
1 0.5637019230769231 0.49278846153846156 0.04447115384615385 0.18629807692307693
1 0.6021634615384616 0.49759615384615385 0.028846153846153848 0.1346153846153846
1 0.6754807692307693 0.4206730769230769 0.16706730769230768 0.4483173076923077
1 0.7247596153846154 0.46875 0.07572115384615384 0.2824519230769231
1 0.7512019230769231 0.49278846153846156 0.051682692307692304 0.18990384615384615
1 0.8040865384615384 0.5 0.04927884615384615 0.21033653846153846