1 0.109375 0.5324519230769231 0.11057692307692307 0.12860576923076922
1 0.36538461538461536 0.8725961538461539 0.06850961538461539 0.2536057692307692
1 0.4483173076923077 0.8834134615384616 0.12259615384615384 0.23197115384615385
1 0.5516826923076923 0.7776442307692307 0.1045673076923077 0.27403846153846156
1 0.546875 0.31009615384615385 0.03485576923076923 0.125
1 0.6730769230769231 0.6778846153846154 0.28725961538461536 0.6057692307692307
1 0.5829326923076923 0.8725961538461539 0.08413461538461539 0.25240384615384615
1 0.6009615384615384 0.30288461538461536 0.025240384615384616 0.14543269230769232
1 0.7512019230769231 0.32211538461538464 0.038461538461538464 0.10576923076923077
1 0.7824519230769231 0.35697115384615385 0.03245192307692308 0.14543269230769232
1 0.8245192307692307 0.84375 0.11177884615384616 0.27403846153846156
1 0.8076923076923077 0.36177884615384615 0.03245192307692308 0.12379807692307693