1 0.09375 0.9026442307692307 0.15865384615384615 0.19110576923076922
1 0.05889423076923077 0.7355769230769231 0.08533653846153846 0.25600961538461536
1 0.09975961538461539 0.6862980769230769 0.08653846153846154 0.21995192307692307
1 0.16947115384615385 0.7884615384615384 0.09375 0.09615384615384616
1 0.28966346153846156 0.8209134615384616 0.10697115384615384 0.1622596153846154
1 0.31850961538461536 0.5757211538461539 0.06370192307692307 0.09134615384615384
1 0.4182692307692308 0.5793269230769231 0.05889423076923077 0.09014423076923077
1 0.4266826923076923 0.7355769230769231 0.028846153846153848 0.09615384615384616
1 0.5060096153846154 0.5841346153846154 0.07211538461538461 0.08653846153846154
1 0.5072115384615384 0.7475961538461539 0.046875 0.07692307692307693
1 0.5805288461538461 0.7259615384615384 0.056490384615384616 0.10817307692307693
1 0.5769230769230769 0.5841346153846154 0.042067307692307696 0.08052884615384616
1 0.6478365384615384 0.9206730769230769 0.13701923076923078 0.15504807692307693
1 0.6862980769230769 0.5516826923076923 0.06009615384615385 0.14783653846153846
1 0.7439903846153846 0.5588942307692307 0.037259615384615384 0.12860576923076922
1 0.875 0.9002403846153846 0.17067307692307693 0.1971153846153846
1 0.8725961538461539 0.5889423076923077 0.03485576923076923 0.06850961538461539
1 0.9459134615384616 0.7836538461538461 0.09375 0.15384615384615385
1 0.9206730769230769 0.5865384615384616 0.037259615384615384 0.0733173076923077