0 0.22596153846153846 0.3076923076923077 0.020432692307692308 0.04447115384615385
0 0.25600961538461536 0.3088942307692308 0.021634615384615384 0.030048076923076924
0 0.3329326923076923 0.3076923076923077 0.06971153846153846 0.08052884615384616
0 0.49158653846153844 0.4050480769230769 0.05048076923076923 0.078125
0 0.49759615384615385 0.33653846153846156 0.04567307692307692 0.07211538461538461
0 0.5612980769230769 0.3076923076923077 0.042067307692307696 0.0625
0 0.6141826923076923 0.3125 0.036057692307692304 0.054086538461538464
0 0.6646634615384616 0.31971153846153844 0.027644230769230768 0.05048076923076923
0 0.6694711538461539 0.2764423076923077 0.03365384615384615 0.042067307692307696
0 0.7319711538461539 0.28966346153846156 0.030048076923076924 0.04447115384615385
0 0.7451923076923077 0.28365384615384615 0.026442307692307692 0.038461538461538464
0 0.796875 0.2692307692307692 0.026442307692307692 0.038461538461538464
1 0.04927884615384615 0.24759615384615385 0.06610576923076923 0.12860576923076922
1 0.04567307692307692 0.28966346153846156 0.036057692307692304 0.07451923076923077
1 0.09254807692307693 0.18629807692307693 0.042067307692307696 0.10216346153846154
1 0.18990384615384615 0.4651442307692308 0.21995192307692307 0.9074519230769231
1 0.24519230769230768 0.32572115384615385 0.039663461538461536 0.11658653846153846
1 0.2512019230769231 0.203125 0.039663461538461536 0.1346153846153846
1 0.30408653846153844 0.5372596153846154 0.10576923076923077 0.5408653846153846
1 0.2920673076923077 0.29927884615384615 0.030048076923076924 0.06850961538461539
1 0.4651442307692308 0.5192307692307693 0.09975961538461539 0.41466346153846156
1 0.49158653846153844 0.4795673076923077 0.07572115384615384 0.3629807692307692
1 0.5552884615384616 0.4495192307692308 0.06009615384615385 0.3329326923076923
1 0.5985576923076923 0.43509615384615385 0.051682692307692304 0.2764423076923077
1 0.640625 0.421875 0.039663461538461536 0.23677884615384615
1 0.6730769230769231 0.39302884615384615 0.06009615384615385 0.234375
1 0.6754807692307693 0.32091346153846156 0.030048076923076924 0.19831730769230768
1 0.7235576923076923 0.4014423076923077 0.05048076923076923 0.2127403846153846
1 0.7427884615384616 0.3737980769230769 0.03245192307692308 0.23677884615384615
1 0.8016826923076923 0.3605769230769231 0.054086538461538464 0.2283653846153846
1 0.9026442307692307 0.3389423076923077 0.07572115384615384 0.28846153846153844
1 0.9495192307692307 0.28846153846153844 0.09615384615384616 0.16826923076923078
1 0.9699519230769231 0.5925480769230769 0.055288461538461536 0.47115384615384615