1 0.9519230769230769 0.5721153846153846 0.06009615384615385 0.29447115384615385
1 0.051682692307692304 0.65625 0.03485576923076923 0.2247596153846154
1 0.11899038461538461 0.6490384615384616 0.037259615384615384 0.2512019230769231
1 0.19230769230769232 0.6394230769230769 0.057692307692307696 0.23798076923076922
1 0.2548076923076923 0.5769230769230769 0.051682692307692304 0.09735576923076923
1 0.2824519230769231 0.5204326923076923 0.025240384615384616 0.04807692307692308
1 0.47596153846153844 0.5408653846153846 0.02403846153846154 0.052884615384615384
1 0.5492788461538461 0.5408653846153846 0.027644230769230768 0.08413461538461539
1 0.6850961538461539 0.5204326923076923 0.013221153846153846 0.0733173076923077
1 0.7127403846153846 0.5324519230769231 0.02403846153846154 0.06850961538461539
1 0.7439903846153846 0.5108173076923077 0.021634615384615384 0.051682692307692304
1 0.8882211538461539 0.5745192307692307 0.22115384615384615 0.25841346153846156