0 0.9459134615384616 0.7487980769230769 0.013221153846153846 0.019230769230769232
1 0.5 0.30408653846153844 0.9987980769230769 0.3701923076923077
1 0.5 0.9002403846153846 0.9987980769230769 0.19831730769230768
1 0.007211538461538462 0.3545673076923077 0.01201923076923077 0.04807692307692308
1 0.17067307692307693 0.5829326923076923 0.02283653846153846 0.09134615384615384
1 0.30528846153846156 0.39903846153846156 0.018028846153846152 0.04567307692307692
1 0.32091346153846156 0.37259615384615385 0.014423076923076924 0.04567307692307692
1 0.4182692307692308 0.4230769230769231 0.018028846153846152 0.05889423076923077
1 0.4543269230769231 0.5348557692307693 0.020432692307692308 0.07572115384615384
1 0.48197115384615385 0.48197115384615385 0.02403846153846154 0.06370192307692307
1 0.5096153846153846 0.4387019230769231 0.018028846153846152 0.05889423076923077
1 0.5120192307692307 0.36538461538461536 0.018028846153846152 0.04567307692307692
1 0.5300480769230769 0.41466346153846156 0.009615384615384616 0.052884615384615384
1 0.5600961538461539 0.39302884615384615 0.014423076923076924 0.05048076923076923
1 0.5805288461538461 0.42427884615384615 0.01201923076923077 0.05048076923076923
1 0.5949519230769231 0.41947115384615385 0.016826923076923076 0.04807692307692308
1 0.6213942307692307 0.45072115384615385 0.01201923076923077 0.04807692307692308
1 0.6394230769230769 0.43149038461538464 0.013221153846153846 0.037259615384615384
1 0.6430288461538461 0.4675480769230769 0.014423076923076924 0.056490384615384616
1 0.7223557692307693 0.4206730769230769 0.01201923076923077 0.05048076923076923
1 0.7872596153846154 0.5685096153846154 0.019230769230769232 0.07692307692307693
1 0.9254807692307693 0.7199519230769231 0.04567307692307692 0.09975961538461539
1 0.9663461538461539 0.7548076923076923 0.025240384615384616 0.10817307692307693