1 0.5588942307692307 0.65625 0.0829326923076923 0.17548076923076922
1 0.6346153846153846 0.41346153846153844 0.04447115384615385 0.13822115384615385
1 0.6923076923076923 0.6694711538461539 0.13581730769230768 0.2403846153846154
1 0.6971153846153846 0.4362980769230769 0.03485576923076923 0.04807692307692308
1 0.6947115384615384 0.48197115384615385 0.026442307692307692 0.040865384615384616
1 0.7007211538461539 0.3737980769230769 0.013221153846153846 0.03365384615384615
1 0.7055288461538461 0.39903846153846156 0.02403846153846154 0.037259615384615384
1 0.7716346153846154 0.7091346153846154 0.10336538461538461 0.2980769230769231
1 0.8509615384615384 0.4050480769230769 0.021634615384615384 0.08533653846153846
1 0.8882211538461539 0.4098557692307692 0.030048076923076924 0.12379807692307693
1 0.9555288461538461 0.4206730769230769 0.04326923076923077 0.12740384615384615