1 0.8521634615384616 0.5216346153846154 0.06610576923076923 0.24759615384615385
1 0.23918269230769232 0.6334134615384616 0.07211538461538461 0.3629807692307692
1 0.2608173076923077 0.27524038461538464 0.025240384615384616 0.042067307692307696
1 0.265625 0.34615384615384615 0.030048076923076924 0.06850961538461539
1 0.2848557692307692 0.3389423076923077 0.027644230769230768 0.08533653846153846
1 0.2800480769230769 0.2620192307692308 0.014423076923076924 0.055288461538461536
1 0.30528846153846156 0.34975961538461536 0.021634615384615384 0.07091346153846154
1 0.3233173076923077 0.35697115384615385 0.030048076923076924 0.06971153846153846
1 0.3641826923076923 0.2764423076923077 0.019230769230769232 0.10336538461538461
1 0.38461538461538464 0.39663461538461536 0.018028846153846152 0.07932692307692307
1 0.40865384615384615 0.3954326923076923 0.030048076923076924 0.09735576923076923
1 0.4182692307692308 0.34975961538461536 0.014423076923076924 0.07091346153846154
1 0.4326923076923077 0.3485576923076923 0.018028846153846152 0.09134615384615384
1 0.44350961538461536 0.4014423076923077 0.03485576923076923 0.08533653846153846
1 0.4519230769230769 0.328125 0.01201923076923077 0.06610576923076923
1 0.4855769230769231 0.5889423076923077 0.07211538461538461 0.22355769230769232
1 0.46634615384615385 0.40384615384615385 0.030048076923076924 0.10697115384615384
1 0.48197115384615385 0.33533653846153844 0.02403846153846154 0.03485576923076923
1 0.49759615384615385 0.22235576923076922 0.021634615384615384 0.08653846153846154
1 0.5264423076923077 0.3701923076923077 0.038461538461538464 0.08413461538461539
1 0.5240384615384616 0.3317307692307692 0.030048076923076924 0.04927884615384615
1 0.5336538461538461 0.20793269230769232 0.040865384615384616 0.11658653846153846
1 0.5625 0.33052884615384615 0.019230769230769232 0.056490384615384616
1 0.5865384615384616 0.5516826923076923 0.051682692307692304 0.10216346153846154
1 0.5793269230769231 0.3641826923076923 0.030048076923076924 0.10576923076923077
1 0.5865384615384616 0.27524038461538464 0.027644230769230768 0.04807692307692308
1 0.5841346153846154 0.23557692307692307 0.015625 0.055288461538461536
1 0.6069711538461539 0.2692307692307692 0.025240384615384616 0.06009615384615385
1 0.6334134615384616 0.25961538461538464 0.019230769230769232 0.05048076923076923
1 0.6490384615384616 0.5637019230769231 0.030048076923076924 0.09375
1 0.6490384615384616 0.2548076923076923 0.021634615384615384 0.12379807692307693
1 0.6899038461538461 0.5348557692307693 0.02403846153846154 0.09615384615384616
1 0.7091346153846154 0.1971153846153846 0.019230769230769232 0.0985576923076923
1 0.734375 0.5084134615384616 0.030048076923076924 0.11778846153846154
1 0.7740384615384616 0.5180288461538461 0.027644230769230768 0.09134615384615384
1 0.8521634615384616 0.2283653846153846 0.018028846153846152 0.02403846153846154
1 0.8701923076923077 0.5036057692307693 0.020432692307692308 0.09254807692307693
1 0.8942307692307693 0.5024038461538461 0.040865384615384616 0.13341346153846154