1 0.0733173076923077 0.21153846153846154 0.07451923076923077 0.1971153846153846
1 0.020432692307692308 0.21875 0.039663461538461536 0.19831730769230768
1 0.11298076923076923 0.22355769230769232 0.07451923076923077 0.15264423076923078
1 0.13341346153846154 0.3137019230769231 0.1045673076923077 0.1466346153846154
1 0.13822115384615385 0.30288461538461536 0.056490384615384616 0.07932692307692307
1 0.13822115384615385 0.1875 0.04567307692307692 0.14302884615384615
1 0.25961538461538464 0.359375 0.22716346153846154 0.21394230769230768
1 0.17668269230769232 0.18629807692307693 0.04447115384615385 0.08774038461538461
1 0.2283653846153846 0.234375 0.09014423076923077 0.13822115384615385
1 0.48197115384615385 0.6298076923076923 0.5733173076923077 0.47115384615384615
1 0.22716346153846154 0.1622596153846154 0.06009615384615385 0.07572115384615384
1 0.26322115384615385 0.15264423076923078 0.036057692307692304 0.06610576923076923
1 0.2980769230769231 0.234375 0.06129807692307692 0.16706730769230768
1 0.31850961538461536 0.13822115384615385 0.04447115384615385 0.056490384615384616
1 0.34375 0.17307692307692307 0.04447115384615385 0.08774038461538461
1 0.36899038461538464 0.2536057692307692 0.06971153846153846 0.24278846153846154
1 0.42427884615384615 0.25600961538461536 0.08173076923076923 0.25600961538461536
1 0.46033653846153844 0.2536057692307692 0.055288461538461536 0.2283653846153846
1 0.5048076923076923 0.23557692307692307 0.08774038461538461 0.1778846153846154
1 0.7319711538461539 0.4230769230769231 0.3137019230769231 0.31971153846153844
1 0.7139423076923077 0.3004807692307692 0.052884615384615384 0.09014423076923077
1 0.7463942307692307 0.234375 0.09014423076923077 0.2247596153846154
1 0.7824519230769231 0.3112980769230769 0.06610576923076923 0.09735576923076923
1 0.8112980769230769 0.2127403846153846 0.11177884615384616 0.16105769230769232
1 0.8173076923076923 0.328125 0.08533653846153846 0.109375
1 0.90625 0.2692307692307692 0.08774038461538461 0.234375
1 0.9170673076923077 0.15865384615384615 0.08413461538461539 0.0889423076923077
1 0.9795673076923077 0.2776442307692308 0.037259615384615384 0.2548076923076923