1 0.8112980769230769 0.15384615384615385 0.11057692307692307 0.2512019230769231
1 0.14543269230769232 0.43509615384615385 0.28966346153846156 0.8701923076923077
1 0.11298076923076923 0.4831730769230769 0.22115384615384615 0.9663461538461539
1 0.22596153846153846 0.10697115384615384 0.056490384615384616 0.17908653846153846
1 0.3004807692307692 0.1310096153846154 0.06610576923076923 0.21875
1 0.37259615384615385 0.2127403846153846 0.17307692307692307 0.4254807692307692
1 0.5132211538461539 0.17668269230769232 0.17548076923076922 0.35336538461538464
1 0.6478365384615384 0.140625 0.12740384615384615 0.28125
1 0.7247596153846154 0.12379807692307693 0.07932692307692307 0.22235576923076922
1 0.8966346153846154 0.6237980769230769 0.20432692307692307 0.7067307692307693
1 0.9411057692307693 0.18269230769230768 0.11298076923076923 0.36538461538461536