1 0.17548076923076922 0.23557692307692307 0.055288461538461536 0.13701923076923078
1 0.1935096153846154 0.24759615384615385 0.027644230769230768 0.12139423076923077
1 0.2439903846153846 0.21033653846153846 0.01201923076923077 0.03125
1 0.33774038461538464 0.234375 0.02283653846153846 0.08774038461538461
1 0.4026442307692308 0.25841346153846156 0.04326923076923077 0.18389423076923078
1 0.46033653846153844 0.27403846153846156 0.06850961538461539 0.20192307692307693
1 0.4987980769230769 0.22235576923076922 0.028846153846153848 0.10216346153846154
1 0.5180288461538461 0.20793269230769232 0.028846153846153848 0.039663461538461536
1 0.6334134615384616 0.2439903846153846 0.04807692307692308 0.1201923076923077
1 0.6983173076923077 0.28125 0.052884615384615384 0.1875
1 0.7151442307692307 0.21995192307692307 0.018028846153846152 0.06129807692307692
1 0.7680288461538461 0.22596153846153846 0.021634615384615384 0.0673076923076923
1 0.7764423076923077 0.23677884615384615 0.02283653846153846 0.0829326923076923
1 0.8581730769230769 0.24158653846153846 0.021634615384615384 0.08533653846153846