1 0.46274038461538464 0.7295673076923077 0.06009615384615385 0.16947115384615385
1 0.02403846153846154 0.9831730769230769 0.020432692307692308 0.03125
1 0.06610576923076923 0.5637019230769231 0.054086538461538464 0.0889423076923077
1 0.06971153846153846 0.6766826923076923 0.04447115384615385 0.20192307692307693
1 0.11298076923076923 0.6971153846153846 0.06490384615384616 0.17427884615384615
1 0.14302884615384615 0.59375 0.0733173076923077 0.06129807692307692
1 0.13221153846153846 0.4387019230769231 0.026442307692307692 0.046875
1 0.14182692307692307 0.6598557692307693 0.027644230769230768 0.12379807692307693
1 0.16826923076923078 0.6995192307692307 0.06971153846153846 0.16346153846153846
1 0.17668269230769232 0.9579326923076923 0.04447115384615385 0.0829326923076923
1 0.18389423076923078 0.5372596153846154 0.042067307692307696 0.10216346153846154
1 0.18389423076923078 0.5877403846153846 0.03485576923076923 0.09615384615384616
1 0.2439903846153846 0.5180288461538461 0.039663461538461536 0.07692307692307693
1 0.265625 0.4891826923076923 0.025240384615384616 0.08774038461538461
1 0.38341346153846156 0.5721153846153846 0.23317307692307693 0.26802884615384615
1 0.5949519230769231 0.5721153846153846 0.18629807692307693 0.1310096153846154
1 0.59375 0.421875 0.021634615384615384 0.03365384615384615
1 0.7211538461538461 0.35697115384615385 0.23197115384615385 0.1310096153846154
1 0.7680288461538461 0.6069711538461539 0.13822115384615385 0.21033653846153846
1 0.9278846153846154 0.47716346153846156 0.02403846153846154 0.05048076923076923
1 0.9387019230769231 0.3449519230769231 0.04567307692307692 0.04807692307692308
1 0.9699519230769231 0.49399038461538464 0.02283653846153846 0.056490384615384616