1 0.140625 0.30408653846153844 0.078125 0.6081730769230769
1 0.28966346153846156 0.42788461538461536 0.10697115384615384 0.8557692307692307
1 0.41346153846153844 0.4014423076923077 0.15264423076923078 0.7800480769230769
1 0.5336538461538461 0.296875 0.055288461538461536 0.5793269230769231
1 0.6586538461538461 0.27884615384615385 0.07572115384615384 0.4206730769230769
1 0.7319711538461539 0.2127403846153846 0.04927884615384615 0.35216346153846156
1 0.7680288461538461 0.25721153846153844 0.07451923076923077 0.2692307692307692
1 0.8762019230769231 0.23197115384615385 0.046875 0.11177884615384616
1 0.9350961538461539 0.22716346153846154 0.038461538461538464 0.1875
1 0.9735576923076923 0.19951923076923078 0.027644230769230768 0.24158653846153846
1 0.984375 0.24278846153846154 0.028846153846153848 0.20552884615384615