1 0.17668269230769232 0.6334134615384616 0.06129807692307692 0.4230769230769231
1 0.18870192307692307 0.3545673076923077 0.07932692307692307 0.13221153846153846
1 0.1971153846153846 0.6418269230769231 0.07572115384615384 0.4879807692307692
1 0.24759615384615385 0.38221153846153844 0.06009615384615385 0.11899038461538461
1 0.26322115384615385 0.6730769230769231 0.078125 0.4579326923076923
1 0.2776442307692308 0.4170673076923077 0.030048076923076924 0.030048076923076924
1 0.2932692307692308 0.3918269230769231 0.04326923076923077 0.0889423076923077
1 0.30408653846153844 0.5096153846153846 0.04447115384615385 0.125
1 0.32572115384615385 0.6682692307692307 0.06370192307692307 0.41225961538461536
1 0.3425480769230769 0.38341346153846156 0.04807692307692308 0.11298076923076923
1 0.3641826923076923 0.4699519230769231 0.028846153846153848 0.057692307692307696
1 0.3942307692307692 0.6430288461538461 0.08413461538461539 0.43149038461538464
1 0.4014423076923077 0.3870192307692308 0.056490384615384616 0.07932692307692307
1 0.39783653846153844 0.4375 0.04326923076923077 0.0889423076923077
1 0.42908653846153844 0.48677884615384615 0.025240384615384616 0.07091346153846154
1 0.4326923076923077 0.39783653846153844 0.025240384615384616 0.08774038461538461
1 0.4495192307692308 0.6706730769230769 0.05889423076923077 0.38100961538461536
1 0.4639423076923077 0.3918269230769231 0.055288461538461536 0.12259615384615384
1 0.45913461538461536 0.47716346153846156 0.019230769230769232 0.028846153846153848
1 0.4879807692307692 0.6490384615384616 0.06490384615384616 0.3701923076923077
1 0.49399038461538464 0.4014423076923077 0.046875 0.0889423076923077
1 0.49399038461538464 0.45552884615384615 0.037259615384615384 0.02403846153846154
1 0.5240384615384616 0.640625 0.04447115384615385 0.3641826923076923
1 0.5216346153846154 0.43149038461538464 0.030048076923076924 0.051682692307692304
1 0.5540865384615384 0.6394230769230769 0.06129807692307692 0.35336538461538464
1 0.5480769230769231 0.47475961538461536 0.02403846153846154 0.04927884615384615
1 0.5997596153846154 0.6346153846153846 0.06490384615384616 0.34375
1 0.6394230769230769 0.6322115384615384 0.054086538461538464 0.3233173076923077
1 0.6682692307692307 0.6478365384615384 0.05048076923076923 0.2980769230769231
1 0.7079326923076923 0.6586538461538461 0.05048076923076923 0.2920673076923077
1 0.7283653846153846 0.6502403846153846 0.026442307692307692 0.2668269230769231
1 0.7439903846153846 0.65625 0.037259615384615384 0.2668269230769231
1 0.7716346153846154 0.6478365384615384 0.04447115384615385 0.28725961538461536
1 0.7980769230769231 0.6430288461538461 0.037259615384615384 0.2536057692307692
1 0.8161057692307693 0.6490384615384616 0.028846153846153848 0.265625
1 0.828125 0.625 0.040865384615384616 0.25961538461538464
1 0.8569711538461539 0.6490384615384616 0.038461538461538464 0.23798076923076922