1 0.06490384615384616 0.6706730769230769 0.037259615384615384 0.056490384615384616
1 0.07091346153846154 0.7007211538461539 0.025240384615384616 0.07211538461538461
1 0.08173076923076923 0.27163461538461536 0.01201923076923077 0.039663461538461536
1 0.109375 0.030048076923076924 0.03125 0.06009615384615385
1 0.11538461538461539 0.7367788461538461 0.025240384615384616 0.06370192307692307
1 0.14543269230769232 0.7536057692307693 0.03125 0.06370192307692307
1 0.17427884615384615 0.7668269230769231 0.03365384615384615 0.06971153846153846
1 0.1875 0.7319711538461539 0.018028846153846152 0.051682692307692304
1 0.23677884615384615 0.003605769230769231 0.019230769230769232 0.007211538461538462
1 0.2824519230769231 0.02403846153846154 0.021634615384615384 0.04807692307692308
1 0.29927884615384615 0.48677884615384615 0.026442307692307692 0.052884615384615384
1 0.4891826923076923 0.39302884615384615 0.004807692307692308 0.03365384615384615
1 0.5252403846153846 0.40865384615384615 0.019230769230769232 0.036057692307692304
1 0.6165865384615384 0.43509615384615385 0.01201923076923077 0.036057692307692304
1 0.6454326923076923 0.4411057692307692 0.01201923076923077 0.020432692307692308
1 0.6526442307692307 0.4675480769230769 0.008413461538461538 0.037259615384615384
1 0.6730769230769231 0.4543269230769231 0.010817307692307692 0.037259615384615384
1 0.6838942307692307 0.4723557692307692 0.015625 0.039663461538461536
1 0.6995192307692307 0.4567307692307692 0.01201923076923077 0.040865384615384616
1 0.7259615384615384 0.4579326923076923 0.016826923076923076 0.027644230769230768
1 0.7884615384615384 0.5865384615384616 0.02283653846153846 0.06129807692307692