0 0.17548076923076922 0.5408653846153846 0.140625 0.21394230769230768
0 0.6237980769230769 0.4254807692307692 0.10817307692307693 0.17668269230769232
1 0.0985576923076923 0.2800480769230769 0.06129807692307692 0.11538461538461539
1 0.18509615384615385 0.3233173076923077 0.04927884615384615 0.10576923076923077
1 0.24278846153846154 0.34615384615384615 0.042067307692307696 0.17067307692307693
1 0.33413461538461536 0.296875 0.052884615384615384 0.07932692307692307
1 0.375 0.08774038461538461 0.03485576923076923 0.12620192307692307
1 0.4026442307692308 0.27163461538461536 0.05048076923076923 0.125
1 0.4987980769230769 0.2644230769230769 0.04927884615384615 0.109375
1 0.5372596153846154 0.3076923076923077 0.036057692307692304 0.04927884615384615
1 0.5673076923076923 0.328125 0.054086538461538464 0.0733173076923077
1 0.5865384615384616 0.04807692307692308 0.042067307692307696 0.06971153846153846
1 0.6177884615384616 0.3076923076923077 0.040865384615384616 0.07451923076923077
1 0.6310096153846154 0.04447115384615385 0.03485576923076923 0.07932692307692307
1 0.6694711538461539 0.27283653846153844 0.06129807692307692 0.12980769230769232
1 0.6610576923076923 0.04807692307692308 0.03485576923076923 0.0829326923076923
1 0.7560096153846154 0.0889423076923077 0.06129807692307692 0.109375
1 0.8365384615384616 0.36658653846153844 0.09375 0.32572115384615385
1 0.8221153846153846 0.05048076923076923 0.0673076923076923 0.10096153846153846
1 0.9038461538461539 0.3329326923076923 0.06129807692307692 0.25240384615384615
1 0.8990384615384616 0.056490384615384616 0.042067307692307696 0.10096153846153846
1 0.9627403846153846 0.29447115384615385 0.051682692307692304 0.109375