1 0.015625 0.5192307692307693 0.030048076923076924 0.11298076923076923
1 0.042067307692307696 0.5685096153846154 0.04447115384615385 0.08774038461538461
1 0.04567307692307692 0.5228365384615384 0.036057692307692304 0.08774038461538461
1 0.08774038461538461 0.5600961538461539 0.04447115384615385 0.07572115384615384
1 0.10336538461538461 0.5216346153846154 0.04807692307692308 0.12620192307692307
1 0.15625 0.5709134615384616 0.11057692307692307 0.4495192307692308
1 0.20432692307692307 0.5228365384615384 0.020432692307692308 0.06129807692307692
1 0.21153846153846154 0.5600961538461539 0.026442307692307692 0.07692307692307693
1 0.25961538461538464 0.5528846153846154 0.03485576923076923 0.09975961538461539
1 0.27524038461538464 0.5120192307692307 0.020432692307692308 0.09254807692307693
1 0.31009615384615385 0.5060096153846154 0.06370192307692307 0.2980769230769231
1 0.35096153846153844 0.5432692307692307 0.0733173076923077 0.32091346153846156
1 0.40384615384615385 0.5697115384615384 0.07572115384615384 0.38461538461538464
1 0.47596153846153844 0.5108173076923077 0.07211538461538461 0.2956730769230769
1 0.5216346153846154 0.5288461538461539 0.07091346153846154 0.33774038461538464
1 0.5745192307692307 0.46033653846153844 0.03245192307692308 0.16947115384615385
1 0.6045673076923077 0.5612980769230769 0.08774038461538461 0.35697115384615385
1 0.6682692307692307 0.5072115384615384 0.08173076923076923 0.31850961538461536
1 0.7319711538461539 0.5132211538461539 0.06370192307692307 0.28365384615384615
1 0.7740384615384616 0.5288461538461539 0.10336538461538461 0.38461538461538464
1 0.8473557692307693 0.5120192307692307 0.10096153846153846 0.3269230769230769
1 0.9074519230769231 0.5072115384615384 0.07451923076923077 0.2824519230769231
1 0.8870192307692307 0.4050480769230769 0.01201923076923077 0.02403846153846154