0 0.27163461538461536 0.3858173076923077 0.042067307692307696 0.03365384615384615
0 0.27163461538461536 0.41947115384615385 0.036057692307692304 0.039663461538461536
0 0.27163461538461536 0.5252403846153846 0.037259615384615384 0.05048076923076923
0 0.59375 0.5913461538461539 0.6358173076923077 0.7019230769230769
0 0.29927884615384615 0.40384615384615385 0.039663461538461536 0.04447115384615385
0 0.2956730769230769 0.5420673076923077 0.019230769230769232 0.028846153846153848
0 0.43149038461538464 0.5276442307692307 0.07211538461538461 0.06129807692307692
0 0.5576923076923077 0.39903846153846156 0.057692307692307696 0.05048076923076923
0 0.5733173076923077 0.49278846153846156 0.05889423076923077 0.05889423076923077
0 0.59375 0.3786057692307692 0.027644230769230768 0.039663461538461536
0 0.6165865384615384 0.5324519230769231 0.03125 0.019230769230769232
0 0.71875 0.5276442307692307 0.05048076923076923 0.042067307692307696
0 0.7584134615384616 0.49158653846153844 0.056490384615384616 0.0625
0 0.8064903846153846 0.3918269230769231 0.052884615384615384 0.055288461538461536
0 0.8413461538461539 0.3762019230769231 0.028846153846153848 0.03365384615384615
0 0.9254807692307693 0.4014423076923077 0.06129807692307692 0.05889423076923077
0 0.9375 0.42908653846153844 0.04326923076923077 0.04447115384615385