1 0.5757211538461539 0.5997596153846154 0.10817307692307693 0.4266826923076923
1 0.5 0.14302884615384615 0.9987980769230769 0.25
1 0.09134615384615384 0.3954326923076923 0.052884615384615384 0.19110576923076922
1 0.18389423076923078 0.34134615384615385 0.039663461538461536 0.15865384615384615
1 0.2692307692307692 0.29086538461538464 0.04447115384615385 0.10817307692307693
1 0.44591346153846156 0.27884615384615385 0.03365384615384615 0.10336538461538461
1 0.48197115384615385 0.4230769230769231 0.06850961538461539 0.21634615384615385
1 0.5625 0.31850961538461536 0.036057692307692304 0.12620192307692307
1 0.5973557692307693 0.35697115384615385 0.051682692307692304 0.1658653846153846
1 0.6358173076923077 0.35336538461538464 0.04567307692307692 0.1622596153846154
1 0.6622596153846154 0.30649038461538464 0.054086538461538464 0.11778846153846154
1 0.8858173076923077 0.7355769230769231 0.1622596153846154 0.38341346153846156
1 0.8629807692307693 0.3004807692307692 0.038461538461538464 0.1201923076923077
1 0.9278846153846154 0.4098557692307692 0.06009615384615385 0.19471153846153846