1 0.7007211538461539 0.90625 0.057692307692307696 0.16826923076923078
1 0.5024038461538461 0.7716346153846154 0.9939903846153846 0.16105769230769232
1 0.046875 0.7403846153846154 0.018028846153846152 0.07692307692307693
1 0.07211538461538461 0.7367788461538461 0.013221153846153846 0.07091346153846154
1 0.08653846153846154 0.7439903846153846 0.015625 0.08413461538461539
1 0.11298076923076923 0.8293269230769231 0.04927884615384615 0.171875
1 0.14182692307692307 0.8293269230769231 0.040865384615384616 0.1658653846153846
1 0.19110576923076922 0.7896634615384616 0.04326923076923077 0.11778846153846154
1 0.30649038461538464 0.8197115384615384 0.03365384615384615 0.1346153846153846
1 0.42427884615384615 0.7415865384615384 0.021634615384615384 0.06610576923076923
1 0.47596153846153844 0.7560096153846154 0.02403846153846154 0.08052884615384616
1 0.5048076923076923 0.7740384615384616 0.019230769230769232 0.09735576923076923
1 0.5576923076923077 0.7644230769230769 0.021634615384615384 0.0829326923076923
1 0.6069711538461539 0.828125 0.03485576923076923 0.14783653846153846
1 0.6358173076923077 0.8173076923076923 0.03485576923076923 0.140625
1 0.6766826923076923 0.8076923076923077 0.037259615384615384 0.11177884615384616
1 0.7536057692307693 0.7644230769230769 0.018028846153846152 0.0829326923076923
1 0.7752403846153846 0.7463942307692307 0.016826923076923076 0.0625
1 0.8185096153846154 0.7512019230769231 0.01201923076923077 0.056490384615384616
1 0.8798076923076923 0.7704326923076923 0.020432692307692308 0.06610576923076923
1 0.9038461538461539 0.7584134615384616 0.016826923076923076 0.07451923076923077
1 0.9591346153846154 0.8004807692307693 0.03245192307692308 0.1045673076923077