1 0.014423076923076924 0.6802884615384616 0.028846153846153848 0.14423076923076922
1 0.042067307692307696 0.7379807692307693 0.078125 0.25
1 0.12379807692307693 0.734375 0.042067307692307696 0.10697115384615384
1 0.12620192307692307 0.6490384615384616 0.027644230769230768 0.09735576923076923
1 0.1502403846153846 0.6959134615384616 0.03485576923076923 0.06850961538461539
1 0.17668269230769232 0.7319711538461539 0.04927884615384615 0.11658653846153846
1 0.17067307692307693 0.6358173076923077 0.027644230769230768 0.07451923076923077
1 0.20432692307692307 0.71875 0.03365384615384615 0.10697115384615384
1 0.19951923076923078 0.6346153846153846 0.018028846153846152 0.056490384615384616
1 0.21394230769230768 0.6490384615384616 0.02403846153846154 0.08533653846153846
1 0.24158653846153846 0.6850961538461539 0.036057692307692304 0.04447115384615385
1 0.2644230769230769 0.6730769230769231 0.030048076923076924 0.055288461538461536
1 0.27524038461538464 0.8149038461538461 0.051682692307692304 0.17668269230769232
1 0.328125 0.8100961538461539 0.0625 0.18990384615384615
1 0.31971153846153844 0.6694711538461539 0.04326923076923077 0.0889423076923077
1 0.35216346153846156 0.7391826923076923 0.037259615384615384 0.0985576923076923
1 0.38822115384615385 0.8016826923076923 0.054086538461538464 0.19110576923076922
1 0.4338942307692308 0.6959134615384616 0.037259615384615384 0.08052884615384616
1 0.47716346153846156 0.7439903846153846 0.057692307692307696 0.13701923076923078
1 0.4855769230769231 0.7007211538461539 0.040865384615384616 0.06610576923076923
1 0.5600961538461539 0.7896634615384616 0.06370192307692307 0.18990384615384615
1 0.5769230769230769 0.6730769230769231 0.02403846153846154 0.11899038461538461
1 0.6177884615384616 0.7716346153846154 0.05048076923076923 0.125
1 0.6189903846153846 0.6802884615384616 0.03245192307692308 0.04807692307692308
1 0.6225961538461539 0.6322115384615384 0.02403846153846154 0.04927884615384615
1 0.6382211538461539 0.6862980769230769 0.037259615384615384 0.07451923076923077
1 0.6850961538461539 0.8052884615384616 0.078125 0.19831730769230768
1 0.6935096153846154 0.7151442307692307 0.027644230769230768 0.0625
1 0.7271634615384616 0.6887019230769231 0.03365384615384615 0.06490384615384616
1 0.7524038461538461 0.7584134615384616 0.052884615384615384 0.15264423076923078
1 0.7620192307692307 0.6478365384615384 0.028846153846153848 0.0985576923076923
1 0.8076923076923077 0.7572115384615384 0.057692307692307696 0.1466346153846154
1 0.8533653846153846 0.7487980769230769 0.03485576923076923 0.1622596153846154
1 0.8641826923076923 0.6454326923076923 0.020432692307692308 0.09014423076923077
1 0.8858173076923077 0.6298076923076923 0.021634615384615384 0.052884615384615384
1 0.9663461538461539 0.6959134615384616 0.021634615384615384 0.16947115384615385
1 0.9795673076923077 0.7103365384615384 0.039663461538461536 0.19110576923076922