1 0.046875 0.35697115384615385 0.09375 0.12259615384615384
1 0.1622596153846154 0.3317307692307692 0.11899038461538461 0.06490384615384616
1 0.24639423076923078 0.33533653846153844 0.020432692307692308 0.037259615384615384
1 0.2704326923076923 0.3317307692307692 0.03485576923076923 0.04567307692307692
1 0.28846153846153844 0.4387019230769231 0.057692307692307696 0.24759615384615385
1 0.3269230769230769 0.3605769230769231 0.042067307692307696 0.09134615384615384
1 0.3473557692307692 0.3557692307692308 0.021634615384615384 0.0733173076923077
1 0.36658653846153844 0.36778846153846156 0.030048076923076924 0.06490384615384616
1 0.3894230769230769 0.3641826923076923 0.02403846153846154 0.08774038461538461
1 0.5252403846153846 0.36778846153846156 0.019230769230769232 0.08173076923076923
1 0.5949519230769231 0.36538461538461536 0.021634615384615384 0.06850961538461539
1 0.6237980769230769 0.34975961538461536 0.019230769230769232 0.03365384615384615
1 0.7247596153846154 0.34375 0.05048076923076923 0.025240384615384616
1 0.8762019230769231 0.7211538461538461 0.24519230769230768 0.5540865384615384
1 0.7716346153846154 0.35096153846153844 0.021634615384615384 0.027644230769230768
1 0.8209134615384616 0.3401442307692308 0.030048076923076924 0.05048076923076923
1 0.9026442307692307 0.36658653846153844 0.057692307692307696 0.11298076923076923
1 0.9879807692307693 0.3786057692307692 0.020432692307692308 0.13341346153846154