1 0.29086538461538464 0.20793269230769232 0.5817307692307693 0.41586538461538464
1 0.17307692307692307 0.78125 0.051682692307692304 0.1622596153846154
1 0.20673076923076922 0.5240384615384616 0.04447115384615385 0.11658653846153846
1 0.41466346153846156 0.8353365384615384 0.06009615384615385 0.15144230769230768
1 0.7163461538461539 0.14423076923076922 0.5625 0.28846153846153844
1 0.4651442307692308 0.5769230769230769 0.039663461538461536 0.1346153846153846
1 0.4795673076923077 0.5012019230769231 0.04927884615384615 0.09495192307692307
1 0.5552884615384616 0.5132211538461539 0.04927884615384615 0.12740384615384615
1 0.5841346153846154 0.4543269230769231 0.056490384615384616 0.12259615384615384
1 0.7223557692307693 0.6742788461538461 0.038461538461538464 0.13221153846153846
1 0.8125 0.5552884615384616 0.039663461538461536 0.11538461538461539