0 0.026442307692307692 0.40625 0.042067307692307696 0.06129807692307692
0 0.16105769230769232 0.4423076923076923 0.03245192307692308 0.038461538461538464
0 0.23317307692307693 0.375 0.04927884615384615 0.06971153846153846
0 0.2512019230769231 0.4326923076923077 0.020432692307692308 0.04567307692307692
0 0.3894230769230769 0.4951923076923077 0.030048076923076924 0.052884615384615384
0 0.3954326923076923 0.5637019230769231 0.040865384615384616 0.05889423076923077
0 0.5144230769230769 0.27884615384615385 0.057692307692307696 0.09134615384615384
0 0.5853365384615384 0.4254807692307692 0.03245192307692308 0.042067307692307696
0 0.7067307692307693 0.5024038461538461 0.06009615384615385 0.09134615384615384
0 0.8329326923076923 0.36658653846153844 0.030048076923076924 0.051682692307692304
0 0.9699519230769231 0.30528846153846156 0.05048076923076923 0.07932692307692307