0 0.10336538461538461 0.14423076923076922 0.17908653846153846 0.203125
0 0.1045673076923077 0.31490384615384615 0.17908653846153846 0.2644230769230769
0 0.18509615384615385 0.7596153846153846 0.1971153846153846 0.29447115384615385
0 0.24879807692307693 0.10096153846153846 0.1622596153846154 0.20192307692307693
0 0.28125 0.6189903846153846 0.1935096153846154 0.2860576923076923
0 0.2860576923076923 0.26802884615384615 0.17307692307692307 0.23557692307692307
0 0.29927884615384615 0.4495192307692308 0.17908653846153846 0.22235576923076922
0 0.5420673076923077 0.7403846153846154 0.1814903846153846 0.2824519230769231
0 0.7151442307692307 0.6009615384615384 0.18028846153846154 0.2764423076923077
0 0.796875 0.2668269230769231 0.1778846153846154 0.27163461538461536
0 0.8930288461538461 0.6838942307692307 0.1971153846153846 0.2800480769230769