1 0.5673076923076923 0.390625 0.12740384615384615 0.2536057692307692
1 0.2800480769230769 0.3233173076923077 0.028846153846153848 0.04447115384615385
1 0.3557692307692308 0.32091346153846156 0.02403846153846154 0.038461538461538464
1 0.3713942307692308 0.32211538461538464 0.019230769230769232 0.03245192307692308
1 0.42427884615384615 0.32211538461538464 0.01201923076923077 0.020432692307692308
1 0.43990384615384615 0.31490384615384615 0.01201923076923077 0.027644230769230768
1 0.45552884615384615 0.328125 0.021634615384615384 0.018028846153846152
1 0.6766826923076923 0.3088942307692308 0.021634615384615384 0.04567307692307692
1 0.7043269230769231 0.3076923076923077 0.018028846153846152 0.037259615384615384
1 0.7536057692307693 0.29927884615384615 0.019230769230769232 0.026442307692307692
1 0.7704326923076923 0.30528846153846156 0.037259615384615384 0.02403846153846154
1 0.7740384615384616 0.3004807692307692 0.006009615384615385 0.013221153846153846