1 0.5180288461538461 0.3918269230769231 0.09014423076923077 0.3161057692307692
1 0.09735576923076923 0.45552884615384615 0.09975961538461539 0.28365384615384615
1 0.13341346153846154 0.3473557692307692 0.052884615384615384 0.2403846153846154
1 0.18629807692307693 0.3858173076923077 0.025240384615384616 0.16346153846153846
1 0.23076923076923078 0.35216346153846156 0.052884615384615384 0.1814903846153846
1 0.25721153846153844 0.30649038461538464 0.036057692307692304 0.17067307692307693
1 0.29447115384615385 0.39783653846153844 0.052884615384615384 0.2932692307692308
1 0.3269230769230769 0.2668269230769231 0.056490384615384616 0.22716346153846154
1 0.3317307692307692 0.42427884615384615 0.06370192307692307 0.32091346153846156
1 0.3701923076923077 0.33774038461538464 0.03365384615384615 0.19831730769230768
1 0.4014423076923077 0.32211538461538464 0.04567307692307692 0.20552884615384615
1 0.42788461538461536 0.32091346153846156 0.028846153846153848 0.19591346153846154
1 0.4567307692307692 0.31009615384615385 0.02283653846153846 0.2439903846153846
1 0.48677884615384615 0.24519230769230768 0.02403846153846154 0.13942307692307693
1 0.5096153846153846 0.24639423076923078 0.03485576923076923 0.11899038461538461
1 0.5709134615384616 0.328125 0.054086538461538464 0.24519230769230768
1 0.6622596153846154 0.3701923076923077 0.08774038461538461 0.32211538461538464
1 0.6418269230769231 0.21394230769230768 0.036057692307692304 0.0985576923076923
1 0.6935096153846154 0.3233173076923077 0.051682692307692304 0.3161057692307692
1 0.7295673076923077 0.3485576923076923 0.03485576923076923 0.23798076923076922
1 0.7596153846153846 0.19471153846153846 0.04447115384615385 0.09975961538461539
1 0.7800480769230769 0.34615384615384615 0.04927884615384615 0.31850961538461536
1 0.8305288461538461 0.36177884615384615 0.03365384615384615 0.23918269230769232
1 0.8329326923076923 0.21033653846153846 0.03485576923076923 0.11298076923076923
1 0.8641826923076923 0.19471153846153846 0.04807692307692308 0.09735576923076923
1 0.8870192307692307 0.33533653846153844 0.055288461538461536 0.3401442307692308
1 0.9375 0.36778846153846156 0.08052884615384616 0.3629807692307692
1 0.9423076923076923 0.27884615384615385 0.025240384615384616 0.21153846153846154
1 0.9807692307692307 0.38822115384615385 0.036057692307692304 0.5649038461538461