1 0.1045673076923077 0.3605769230769231 0.20793269230769232 0.08774038461538461
1 0.2824519230769231 0.2776442307692308 0.0625 0.25841346153846156
1 0.35096153846153844 0.28966346153846156 0.054086538461538464 0.12139423076923077
1 0.40024038461538464 0.21153846153846154 0.051682692307692304 0.0829326923076923
1 0.5072115384615384 0.5024038461538461 0.14903846153846154 0.31490384615384615
1 0.5216346153846154 0.21153846153846154 0.042067307692307696 0.13822115384615385
1 0.546875 0.19831730769230768 0.037259615384615384 0.1201923076923077
1 0.5925480769230769 0.2091346153846154 0.04447115384615385 0.18870192307692307
1 0.6838942307692307 0.265625 0.06610576923076923 0.18990384615384615
1 0.7235576923076923 0.2608173076923077 0.07211538461538461 0.21514423076923078
1 0.7692307692307693 0.24759615384615385 0.10576923076923077 0.23076923076923078
1 0.8161057692307693 0.140625 0.057692307692307696 0.12620192307692307
1 0.8401442307692307 0.24519230769230768 0.09735576923076923 0.23677884615384615
1 0.8990384615384616 0.23677884615384615 0.11057692307692307 0.2668269230769231
1 0.9879807692307693 0.18990384615384615 0.019230769230769232 0.3173076923076923