0 0.5408653846153846 0.6959134615384616 0.018028846153846152 0.027644230769230768
1 0.014423076923076924 0.2403846153846154 0.028846153846153848 0.09375
1 0.05889423076923077 0.14302884615384615 0.014423076923076924 0.04326923076923077
1 0.08653846153846154 0.234375 0.02403846153846154 0.11778846153846154
1 0.2548076923076923 0.5492788461538461 0.34375 0.3016826923076923
1 0.12740384615384615 0.22716346153846154 0.016826923076923076 0.06129807692307692
1 0.3269230769230769 0.30408653846153844 0.06971153846153846 0.2692307692307692
1 0.4230769230769231 0.2692307692307692 0.06490384615384616 0.2127403846153846
1 0.8629807692307693 0.3557692307692308 0.07572115384615384 0.25240384615384615
1 0.8425480769230769 0.23918269230769232 0.025240384615384616 0.06971153846153846
1 0.9098557692307693 0.3004807692307692 0.056490384615384616 0.21153846153846154