1 0.8737980769230769 0.5516826923076923 0.16105769230769232 0.5336538461538461
1 0.052884615384615384 0.22235576923076922 0.08533653846153846 0.3088942307692308
1 0.0985576923076923 0.18870192307692307 0.09375 0.30528846153846156
1 0.25721153846153844 0.08052884615384616 0.056490384615384616 0.15985576923076922
1 0.32091346153846156 0.4855769230769231 0.11778846153846154 0.46274038461538464
1 0.3317307692307692 0.021634615384615384 0.052884615384615384 0.04326923076923077
1 0.44471153846153844 0.1875 0.22596153846153846 0.375
1 0.42908653846153844 0.4170673076923077 0.17668269230769232 0.5012019230769231
1 0.8004807692307693 0.3713942307692308 0.22596153846153846 0.7331730769230769
1 0.9483173076923077 0.08774038461538461 0.037259615384615384 0.17548076923076922
1 0.984375 0.1310096153846154 0.026442307692307692 0.25721153846153844