1 0.5 0.7716346153846154 0.9987980769230769 0.4543269230769231
1 0.2127403846153846 0.8605769230769231 0.22235576923076922 0.2776442307692308
1 0.4254807692307692 0.6057692307692307 0.010817307692307692 0.04447115384615385
1 0.44711538461538464 0.6117788461538461 0.015625 0.06009615384615385
1 0.4495192307692308 0.5925480769230769 0.016826923076923076 0.06129807692307692
1 0.46875 0.6286057692307693 0.018028846153846152 0.06009615384615385
1 0.47596153846153844 0.6033653846153846 0.018028846153846152 0.056490384615384616
1 0.4963942307692308 0.6442307692307693 0.013221153846153846 0.056490384615384616
1 0.49759615384615385 0.6153846153846154 0.009615384615384616 0.056490384615384616
1 0.7223557692307693 0.7007211538461539 0.02403846153846154 0.1045673076923077
1 0.7403846153846154 0.6875 0.03485576923076923 0.10817307692307693
1 0.7788461538461539 0.7139423076923077 0.04326923076923077 0.08653846153846154
1 0.7980769230769231 0.7115384615384616 0.055288461538461536 0.109375