1 0.12740384615384615 0.6165865384615384 0.15144230769230768 0.28966346153846156
1 0.20552884615384615 0.5420673076923077 0.09014423076923077 0.21875
1 0.30528846153846156 0.5420673076923077 0.1141826923076923 0.23918269230769232
1 0.3173076923076923 0.5336538461538461 0.09254807692307693 0.20673076923076922
1 0.3449519230769231 0.22115384615384615 0.03125 0.06610576923076923
1 0.4206730769230769 0.5949519230769231 0.10697115384615384 0.3269230769230769
1 0.5552884615384616 0.7536057692307693 0.21033653846153846 0.49038461538461536
1 0.7644230769230769 0.7560096153846154 0.25 0.4831730769230769
1 0.7427884615384616 0.4495192307692308 0.12259615384615384 0.19110576923076922
1 0.7908653846153846 0.4483173076923077 0.052884615384615384 0.22716346153846154
1 0.8810096153846154 0.47115384615384615 0.14182692307692307 0.3112980769230769
1 0.8786057692307693 0.6418269230769231 0.10817307692307693 0.28966346153846156