1 0.07451923076923077 0.6274038461538461 0.037259615384615384 0.07692307692307693
1 0.109375 0.5805288461538461 0.039663461538461536 0.042067307692307696
1 0.1310096153846154 0.7199519230769231 0.08173076923076923 0.20673076923076922
1 0.21634615384615385 0.9567307692307693 0.019230769230769232 0.0673076923076923
1 0.24278846153846154 0.9759615384615384 0.028846153846153848 0.046875
1 0.2512019230769231 0.6454326923076923 0.03485576923076923 0.1201923076923077
1 0.2608173076923077 0.8329326923076923 0.02403846153846154 0.056490384615384616
1 0.28365384615384615 0.84375 0.028846153846153848 0.052884615384615384
1 0.359375 0.9146634615384616 0.06610576923076923 0.16826923076923078
1 0.40024038461538464 0.7151442307692307 0.021634615384615384 0.039663461538461536
1 0.4170673076923077 0.7163461538461539 0.02403846153846154 0.042067307692307696
1 0.44711538461538464 0.7043269230769231 0.030048076923076924 0.08052884615384616
1 0.484375 0.7103365384615384 0.037259615384615384 0.07091346153846154
1 0.5456730769230769 0.7271634615384616 0.03485576923076923 0.07211538461538461
1 0.5745192307692307 0.7283653846153846 0.027644230769230768 0.06610576923076923
1 0.7091346153846154 0.7223557692307693 0.2512019230769231 0.20673076923076922
1 0.8449519230769231 0.5516826923076923 0.028846153846153848 0.14543269230769232
1 0.8629807692307693 0.7487980769230769 0.02283653846153846 0.15745192307692307
1 0.8918269230769231 0.7524038461538461 0.030048076923076924 0.15985576923076922
1 0.9134615384615384 0.7608173076923077 0.030048076923076924 0.1310096153846154