0 0.14182692307692307 0.7620192307692307 0.040865384615384616 0.05889423076923077
0 0.19951923076923078 0.5793269230769231 0.028846153846153848 0.038461538461538464
0 0.24519230769230768 0.6670673076923077 0.03245192307692308 0.04447115384615385
0 0.26322115384615385 0.5829326923076923 0.025240384615384616 0.04326923076923077
0 0.28966346153846156 0.5901442307692307 0.025240384615384616 0.039663461538461536
0 0.29086538461538464 0.46274038461538464 0.020432692307692308 0.02283653846153846
0 0.40865384615384615 0.6153846153846154 0.027644230769230768 0.037259615384615384
0 0.42908653846153844 0.6586538461538461 0.03245192307692308 0.042067307692307696
0 0.44711538461538464 0.6430288461538461 0.025240384615384616 0.04326923076923077
0 0.47475961538461536 0.6838942307692307 0.028846153846153848 0.04447115384615385
0 0.49278846153846156 0.6622596153846154 0.030048076923076924 0.046875
0 0.5600961538461539 0.5420673076923077 0.02403846153846154 0.03365384615384615
0 0.5973557692307693 0.6322115384615384 0.028846153846153848 0.03485576923076923
0 0.6045673076923077 0.5853365384615384 0.020432692307692308 0.03365384615384615
0 0.6899038461538461 0.6875 0.037259615384615384 0.04447115384615385