1 0.055288461538461536 0.7920673076923077 0.10336538461538461 0.4050480769230769
1 0.5576923076923077 0.7956730769230769 0.8834134615384616 0.40625
1 0.34134615384615385 0.5408653846153846 0.1971153846153846 0.34375
1 0.5901442307692307 0.5336538461538461 0.1814903846153846 0.38822115384615385
1 0.7175480769230769 0.41947115384615385 0.08173076923076923 0.13701923076923078
1 0.7199519230769231 0.5492788461538461 0.0733173076923077 0.14783653846153846
1 0.7908653846153846 0.43149038461538464 0.08173076923076923 0.1875
1 0.8064903846153846 0.6177884615384616 0.09254807692307693 0.1875
1 0.8810096153846154 0.40384615384615385 0.0889423076923077 0.19110576923076922
1 0.8954326923076923 0.5625 0.06009615384615385 0.21033653846153846
1 0.9711538461538461 0.5540865384615384 0.055288461538461536 0.44711538461538464