1 0.49038461538461536 0.8701923076923077 0.0625 0.18990384615384615
1 0.07091346153846154 0.7932692307692307 0.026442307692307692 0.04447115384615385
1 0.12620192307692307 0.890625 0.0673076923076923 0.20432692307692307
1 0.11538461538461539 0.7932692307692307 0.027644230769230768 0.040865384615384616
1 0.15985576923076922 0.7992788461538461 0.03245192307692308 0.054086538461538464
1 0.21033653846153846 0.8149038461538461 0.03485576923076923 0.055288461538461536
1 0.24519230769230768 0.8088942307692307 0.019230769230769232 0.03245192307692308
1 0.26802884615384615 0.9134615384615384 0.055288461538461536 0.1310096153846154
1 0.27403846153846156 0.9014423076923077 0.038461538461538464 0.12259615384615384
1 0.2956730769230769 0.8810096153846154 0.036057692307692304 0.08413461538461539
1 0.3293269230769231 0.8557692307692307 0.03245192307692308 0.042067307692307696
1 0.3605769230769231 0.8269230769230769 0.04326923076923077 0.08413461538461539
1 0.39663461538461536 0.8317307692307693 0.042067307692307696 0.07572115384615384
1 0.39663461538461536 0.8185096153846154 0.026442307692307692 0.054086538461538464
1 0.4206730769230769 0.8076923076923077 0.030048076923076924 0.0733173076923077
1 0.43509615384615385 0.9110576923076923 0.04326923076923077 0.1346153846153846
1 0.5576923076923077 0.9026442307692307 0.0673076923076923 0.19230769230769232
1 0.5625 0.8004807692307693 0.03245192307692308 0.052884615384615384
1 0.6983173076923077 0.8233173076923077 0.03365384615384615 0.055288461538461536
1 0.8293269230769231 0.8473557692307693 0.04927884615384615 0.13581730769230768
1 0.8774038461538461 0.8942307692307693 0.05048076923076923 0.21033653846153846