1 0.2536057692307692 0.3737980769230769 0.03485576923076923 0.06971153846153846
1 0.4735576923076923 0.3329326923076923 0.026442307692307692 0.09615384615384616
1 0.5889423076923077 0.42788461538461536 0.037259615384615384 0.203125
1 0.7692307692307693 0.4014423076923077 0.3942307692307692 0.23076923076923078
1 0.609375 0.3269230769230769 0.020432692307692308 0.10096153846153846
1 0.6490384615384616 0.33533653846153844 0.013221153846153846 0.08653846153846154
1 0.6598557692307693 0.33052884615384615 0.02403846153846154 0.1045673076923077
1 0.6850961538461539 0.33653846153846156 0.026442307692307692 0.03125
1 0.7163461538461539 0.33052884615384615 0.02283653846153846 0.0829326923076923
1 0.7596153846153846 0.34134615384615385 0.052884615384615384 0.09375
1 0.8004807692307693 0.33774038461538464 0.036057692307692304 0.09014423076923077
1 0.8317307692307693 0.36538461538461536 0.036057692307692304 0.08052884615384616
1 0.8629807692307693 0.3449519230769231 0.05048076923076923 0.10216346153846154
1 0.9495192307692307 0.35697115384615385 0.016826923076923076 0.08533653846153846