1 0.23076923076923078 0.7043269230769231 0.09615384615384616 0.4266826923076923
1 0.02283653846153846 0.625 0.04567307692307692 0.20793269230769232
1 0.06009615384615385 0.5685096153846154 0.04567307692307692 0.09375
1 0.06490384615384616 0.6069711538461539 0.04927884615384615 0.04927884615384615
1 0.11298076923076923 0.578125 0.0625 0.1141826923076923
1 0.31009615384615385 0.6959134615384616 0.11177884615384616 0.4362980769230769
1 0.29447115384615385 0.4987980769230769 0.02403846153846154 0.040865384615384616
1 0.4014423076923077 0.734375 0.1201923076923077 0.421875
1 0.5372596153846154 0.7199519230769231 0.09735576923076923 0.4567307692307692
1 0.6370192307692307 0.7788461538461539 0.10216346153846154 0.39663461538461536
1 0.7475961538461539 0.7271634615384616 0.13341346153846154 0.5144230769230769
1 0.796875 0.6057692307692307 0.06850961538461539 0.30288461538461536
1 0.9146634615384616 0.5889423076923077 0.16947115384615385 0.21754807692307693