1 0.05048076923076923 0.5396634615384616 0.030048076923076924 0.21033653846153846
1 0.10096153846153846 0.5300480769230769 0.03485576923076923 0.171875
1 0.12379807692307693 0.5216346153846154 0.026442307692307692 0.16706730769230768
1 0.17548076923076922 0.5216346153846154 0.03245192307692308 0.18269230769230768
1 0.21634615384615385 0.5180288461538461 0.02283653846153846 0.16947115384615385
1 0.24519230769230768 0.5072115384615384 0.036057692307692304 0.1778846153846154
1 0.2776442307692308 0.44591346153846156 0.018028846153846152 0.055288461538461536
1 0.2860576923076923 0.4951923076923077 0.03365384615384615 0.15625
1 0.30528846153846156 0.5144230769230769 0.030048076923076924 0.15144230769230768
1 0.32091346153846156 0.43990384615384615 0.007211538461538462 0.05048076923076923
1 0.33774038461538464 0.4951923076923077 0.03245192307692308 0.12620192307692307
1 0.375 0.49038461538461536 0.02403846153846154 0.08052884615384616
1 0.40024038461538464 0.48197115384615385 0.03245192307692308 0.08774038461538461
1 0.4254807692307692 0.47596153846153844 0.009615384615384616 0.06129807692307692
1 0.4411057692307692 0.4483173076923077 0.009615384615384616 0.019230769230769232
1 0.4495192307692308 0.49399038461538464 0.018028846153846152 0.05889423076923077
1 0.4699519230769231 0.47716346153846156 0.021634615384615384 0.06850961538461539
1 0.47475961538461536 0.45072115384615385 0.002403846153846154 0.03245192307692308
1 0.5492788461538461 0.4639423076923077 0.11538461538461539 0.06009615384615385
1 0.6490384615384616 0.4495192307692308 0.04807692307692308 0.027644230769230768