1 0.025240384615384616 0.6237980769230769 0.05048076923076923 0.2824519230769231
1 0.08173076923076923 0.6742788461538461 0.11177884615384616 0.546875
1 0.1502403846153846 0.6923076923076923 0.12139423076923077 0.6129807692307693
1 0.28365384615384615 0.6298076923076923 0.29447115384615385 0.7379807692307693
1 0.3641826923076923 0.4831730769230769 0.036057692307692304 0.13822115384615385
1 0.4387019230769231 0.6802884615384616 0.15384615384615385 0.6382211538461539
1 0.5096153846153846 0.7415865384615384 0.10576923076923077 0.234375
1 0.4855769230769231 0.671875 0.042067307692307696 0.08413461538461539
1 0.48677884615384615 0.4723557692307692 0.036057692307692304 0.0733173076923077
1 0.5480769230769231 0.6262019230769231 0.040865384615384616 0.1466346153846154
1 0.6310096153846154 0.671875 0.13701923076923078 0.6526442307692307
1 0.8040865384615384 0.6153846153846154 0.2620192307692308 0.7680288461538461
1 0.9435096153846154 0.7067307692307693 0.10817307692307693 0.5432692307692307
1 0.9350961538461539 0.43149038461538464 0.06490384615384616 0.15504807692307693
1 0.9783653846153846 0.7223557692307693 0.042067307692307696 0.5540865384615384