1 0.09375 0.2764423076923077 0.1875 0.33413461538461536
1 0.14543269230769232 0.5228365384615384 0.29086538461538464 0.31971153846153844
1 0.22355769230769232 0.29447115384615385 0.010817307692307692 0.052884615384615384
1 0.2692307692307692 0.28966346153846156 0.01201923076923077 0.04807692307692308
1 0.29927884615384615 0.2800480769230769 0.010817307692307692 0.025240384615384616
1 0.6670673076923077 0.1346153846153846 0.6610576923076923 0.2692307692307692
1 0.4543269230769231 0.5793269230769231 0.07692307692307693 0.1935096153846154
1 0.7920673076923077 0.6069711538461539 0.17427884615384615 0.25841346153846156
1 0.7259615384615384 0.5841346153846154 0.014423076923076924 0.0829326923076923
1 0.9567307692307693 0.5973557692307693 0.01201923076923077 0.056490384615384616
1 0.9651442307692307 0.5901442307692307 0.010817307692307692 0.04447115384615385
1 0.9723557692307693 0.5576923076923077 0.025240384615384616 0.06009615384615385
1 0.9735576923076923 0.6213942307692307 0.020432692307692308 0.06370192307692307