0 0.5673076923076923 0.6790865384615384 0.07451923076923077 0.10336538461538461
1 0.21033653846153846 0.4543269230769231 0.23557692307692307 0.8353365384615384
1 0.3942307692307692 0.39302884615384615 0.040865384615384616 0.05048076923076923
1 0.4699519230769231 0.3870192307692308 0.030048076923076924 0.06370192307692307
1 0.49278846153846156 0.38341346153846156 0.03365384615384615 0.07091346153846154
1 0.6045673076923077 0.3701923076923077 0.10216346153846154 0.4050480769230769
1 0.6899038461538461 0.4519230769230769 0.17067307692307693 0.4891826923076923
1 0.7584134615384616 0.4423076923076923 0.038461538461538464 0.13581730769230768
1 0.8545673076923077 0.4230769230769231 0.036057692307692304 0.16706730769230768
1 0.9362980769230769 0.421875 0.11778846153846154 0.02403846153846154
1 0.9098557692307693 0.453125 0.06370192307692307 0.13341346153846154