0 0.37259615384615385 0.5901442307692307 0.1045673076923077 0.14182692307692307
0 0.7439903846153846 0.578125 0.018028846153846152 0.021634615384615384
0 0.7439903846153846 0.5480769230769231 0.015625 0.020432692307692308
0 0.7632211538461539 0.5649038461538461 0.016826923076923076 0.027644230769230768
0 0.7692307692307693 0.5240384615384616 0.020432692307692308 0.020432692307692308
0 0.8004807692307693 0.5901442307692307 0.016826923076923076 0.025240384615384616
0 0.8137019230769231 0.609375 0.018028846153846152 0.025240384615384616
0 0.8209134615384616 0.5865384615384616 0.01201923076923077 0.019230769230769232
0 0.8365384615384616 0.5408653846153846 0.01201923076923077 0.01201923076923077
0 0.8581730769230769 0.578125 0.014423076923076924 0.021634615384615384
0 0.8641826923076923 0.6045673076923077 0.021634615384615384 0.021634615384615384
0 0.8786057692307693 0.5793269230769231 0.015625 0.020432692307692308