1 0.13942307692307693 0.8497596153846154 0.0625 0.19831730769230768
1 0.26802884615384615 0.44711538461538464 0.025240384615384616 0.10216346153846154
1 0.2848557692307692 0.8161057692307693 0.057692307692307696 0.11538461538461539
1 0.2824519230769231 0.46274038461538464 0.04326923076923077 0.09375
1 0.41346153846153844 0.6598557692307693 0.03245192307692308 0.09134615384615384
1 0.5276442307692307 0.765625 0.04807692307692308 0.15865384615384615
1 0.5997596153846154 0.7800480769230769 0.06009615384615385 0.16346153846153846
1 0.6322115384615384 0.5865384615384616 0.030048076923076924 0.07091346153846154
1 0.6574519230769231 0.6141826923076923 0.04326923076923077 0.08533653846153846
1 0.7884615384615384 0.7235576923076923 0.057692307692307696 0.14302884615384615
1 0.8425480769230769 0.7151442307692307 0.039663461538461536 0.1310096153846154
1 0.8713942307692307 0.7067307692307693 0.04927884615384615 0.13701923076923078