0 0.3173076923076923 0.8846153846153846 0.054086538461538464 0.0673076923076923
0 0.3762019230769231 0.1875 0.009615384615384616 0.006009615384615385
0 0.38461538461538464 0.16706730769230768 0.014423076923076924 0.019230769230769232
0 0.4254807692307692 0.1875 0.014423076923076924 0.013221153846153846
0 0.45552884615384615 0.18028846153846154 0.014423076923076924 0.019230769230769232
0 0.4855769230769231 0.8629807692307693 0.052884615384615384 0.06370192307692307
0 0.4675480769230769 0.14423076923076922 0.009615384615384616 0.009615384615384616
0 0.48677884615384615 0.8076923076923077 0.04927884615384615 0.03125
0 0.49759615384615385 0.17548076923076922 0.01201923076923077 0.01201923076923077
0 0.5060096153846154 0.18028846153846154 0.014423076923076924 0.009615384615384616
0 0.5228365384615384 0.17427884615384615 0.009615384615384616 0.014423076923076924
0 0.5480769230769231 0.3401442307692308 0.02403846153846154 0.019230769230769232
0 0.6610576923076923 0.8545673076923077 0.046875 0.06490384615384616
0 0.8473557692307693 0.6358173076923077 0.04447115384615385 0.042067307692307696
0 0.8461538461538461 0.4951923076923077 0.026442307692307692 0.039663461538461536