0 0.025240384615384616 0.5432692307692307 0.015625 0.019230769230769232
0 0.06370192307692307 0.6033653846153846 0.020432692307692308 0.02283653846153846
0 0.29447115384615385 0.6838942307692307 0.036057692307692304 0.038461538461538464
0 0.31490384615384615 0.9939903846153846 0.025240384615384616 0.010817307692307692
0 0.5108173076923077 0.5600961538461539 0.020432692307692308 0.020432692307692308
0 0.7776442307692307 0.6346153846153846 0.02283653846153846 0.02403846153846154
0 0.7992788461538461 0.8497596153846154 0.030048076923076924 0.038461538461538464
0 0.8473557692307693 0.8413461538461539 0.03245192307692308 0.040865384615384616
0 0.8822115384615384 0.859375 0.036057692307692304 0.038461538461538464
0 0.921875 0.8581730769230769 0.02283653846153846 0.040865384615384616
0 0.9459134615384616 0.8774038461538461 0.06129807692307692 0.040865384615384616
0 0.9915865384615384 0.8882211538461539 0.014423076923076924 0.052884615384615384
1 0.15384615384615385 0.5552884615384616 0.30649038461538464 0.49038461538461536
1 0.21514423076923078 0.671875 0.19471153846153846 0.6550480769230769
1 0.21514423076923078 0.32211538461538464 0.0889423076923077 0.18269230769230768
1 0.3954326923076923 0.5552884615384616 0.18629807692307693 0.6346153846153846
1 0.6478365384615384 0.5420673076923077 0.2644230769230769 0.8317307692307693