0 0.49038461538461536 0.5420673076923077 0.016826923076923076 0.02283653846153846
0 0.5348557692307693 0.5420673076923077 0.016826923076923076 0.028846153846153848
0 0.5985576923076923 0.5300480769230769 0.020432692307692308 0.025240384615384616
0 0.6610576923076923 0.546875 0.010817307692307692 0.02283653846153846
0 0.6826923076923077 0.6983173076923077 0.025240384615384616 0.036057692307692304
0 0.8377403846153846 0.6286057692307693 0.018028846153846152 0.030048076923076924
0 0.9314903846153846 0.6177884615384616 0.019230769230769232 0.028846153846153848
0 0.9435096153846154 0.7716346153846154 0.03485576923076923 0.04807692307692308
0 0.9915865384615384 0.6478365384615384 0.014423076923076924 0.03365384615384615
1 0.18509615384615385 0.5612980769230769 0.2776442307692308 0.49278846153846156
1 0.9471153846153846 0.4423076923076923 0.1045673076923077 0.31490384615384615
1 0.9675480769230769 0.25721153846153844 0.06370192307692307 0.14423076923076922