1 0.028846153846153848 0.7487980769230769 0.057692307692307696 0.22716346153846154
1 0.07211538461538461 0.9266826923076923 0.028846153846153848 0.0829326923076923
1 0.09735576923076923 0.9314903846153846 0.02283653846153846 0.10697115384615384
1 0.16706730769230768 0.9771634615384616 0.01201923076923077 0.02283653846153846
1 0.19230769230769232 0.9711538461538461 0.01201923076923077 0.03365384615384615
1 0.27524038461538464 0.9158653846153846 0.04567307692307692 0.15865384615384615
1 0.3137019230769231 0.9314903846153846 0.040865384615384616 0.1310096153846154
1 0.38221153846153844 0.9771634615384616 0.009615384615384616 0.04326923076923077
1 0.4026442307692308 0.9771634615384616 0.013221153846153846 0.04447115384615385
1 0.9555288461538461 0.6923076923076923 0.027644230769230768 0.0829326923076923
1 0.9807692307692307 0.6935096153846154 0.037259615384615384 0.07692307692307693