1 0.05048076923076923 0.5612980769230769 0.09615384615384616 0.4362980769230769
1 0.025240384615384616 0.26802884615384615 0.03245192307692308 0.11057692307692307
1 0.06009615384615385 0.24278846153846154 0.03125 0.08533653846153846
1 0.08774038461538461 0.4699519230769231 0.06971153846153846 0.38221153846153844
1 0.15865384615384615 0.5793269230769231 0.14543269230769232 0.5
1 0.11177884615384616 0.2764423076923077 0.040865384615384616 0.09495192307692307
1 0.1658653846153846 0.28725961538461536 0.054086538461538464 0.11899038461538461
1 0.22115384615384615 0.6141826923076923 0.15144230769230768 0.5012019230769231
1 0.18389423076923078 0.265625 0.027644230769230768 0.07211538461538461
1 0.23798076923076922 0.29086538461538464 0.046875 0.11177884615384616
1 0.2956730769230769 0.6141826923076923 0.1622596153846154 0.5324519230769231
1 0.28846153846153844 0.25 0.040865384615384616 0.0829326923076923
1 0.39903846153846156 0.5901442307692307 0.13822115384615385 0.49759615384615385
1 0.38100961538461536 0.2824519230769231 0.05048076923076923 0.11899038461538461
1 0.4338942307692308 0.3317307692307692 0.052884615384615384 0.21754807692307693
1 0.5324519230769231 0.5769230769230769 0.10336538461538461 0.4266826923076923
1 0.5120192307692307 0.3641826923076923 0.04567307692307692 0.203125
1 0.5661057692307693 0.703125 0.12139423076923077 0.3786057692307692
1 0.5408653846153846 0.31009615384615385 0.04567307692307692 0.14543269230769232
1 0.5673076923076923 0.3473557692307692 0.06971153846153846 0.18028846153846154
1 0.6225961538461539 0.4362980769230769 0.07692307692307693 0.27283653846153844
1 0.6225961538461539 0.24639423076923078 0.039663461538461536 0.09134615384615384
1 0.8076923076923077 0.4074519230769231 0.38341346153846156 0.35697115384615385
1 0.6935096153846154 0.47115384615384615 0.11057692307692307 0.3425480769230769